{
 "cells": [
  {
   "cell_type": "code",
   "execution_count": 4,
   "id": "d486d5e8-77bc-4754-9adf-4c5c009a5fb6",
   "metadata": {},
   "outputs": [],
   "source": [
    "import pydot\n",
    "import numpy as np\n",
    "from IPython.display import display, Javascript, SVG\n",
    "from pydrake.examples.manipulation_station import ManipulationStation\n",
    "from manipulation.scenarios import (\n",
    "    AddIiwa, AddShape\n",
    ")\n",
    "from manipulation.meshcat_cpp_utils import (\n",
    "    StartMeshcat, AddMeshcatTriad\n",
    ")\n",
    "from pydrake.all import (\n",
    "    AddMultibodyPlantSceneGraph, BasicVector, DiagramBuilder, MeshcatVisualizerCpp, MeshcatVisualizerParams, Parser, \n",
    "    RollPitchYaw, RigidTransform, RevoluteJoint, Sphere, Simulator, InverseDynamicsController, MultibodyPlant, PiecewisePolynomial,\n",
    "    PiecewiseQuaternionSlerp, TrajectorySource,\n",
    "    RotationMatrix, Rgba, LeafSystem, Integrator, PassThrough, Demultiplexer\n",
    ")\n",
    "import pydrake.all\n",
    "\n",
    "import pandas as pd\n",
    "\n",
    "def dataframe(trajectory, times, names):\n",
    "    assert trajectory.rows() == len(names)\n",
    "    values = trajectory.vector_values(times)\n",
    "    data = {'t': times }\n",
    "    for i in range(len(names)):\n",
    "        data[names[i]] = values[i,:]\n",
    "    return pd.DataFrame(data)"
   ]
  },
  {
   "cell_type": "code",
   "execution_count": 5,
   "id": "2368959a-ad85-46b3-9da2-15189cba9bec",
   "metadata": {},
   "outputs": [
    {
     "data": {
      "text/html": [
       "Meshcat is now available at <a href=\"http://localhost:7002\">http://localhost:7002</a>"
      ],
      "text/plain": [
       "<IPython.core.display.HTML object>"
      ]
     },
     "metadata": {},
     "output_type": "display_data"
    }
   ],
   "source": [
    "meshcat = StartMeshcat()"
   ]
  },
  {
   "cell_type": "code",
   "execution_count": 30,
   "id": "347c2354-3502-4238-a6b3-c243f28eac6a",
   "metadata": {},
   "outputs": [],
   "source": [
    "BASE_MASS = 1000"
   ]
  },
  {
   "cell_type": "code",
   "execution_count": 9,
   "id": "0256645b-4593-447c-b4d8-609d77984cdb",
   "metadata": {},
   "outputs": [],
   "source": [
    "def AddFloatingIiwa(plant, collision_model=\"no_collision\"):\n",
    "    sdf_path = \"iiwa_rock_climbing/models/iiwa_description/iiwa7/\" + \\\n",
    "        f\"iiwa7_{collision_model}.sdf\"\n",
    "\n",
    "    parser = Parser(plant)\n",
    "    iiwa = parser.AddModelFromFile(sdf_path)\n",
    "    # Set default positions:\n",
    "    q0 = [0.0, 0.1, 0, -1.2, 0, 1.6, 0]\n",
    "    index = 0\n",
    "    for joint_index in plant.GetJointIndices(iiwa):       \n",
    "        joint = plant.get_mutable_joint(joint_index)\n",
    "        if isinstance(joint, RevoluteJoint):\n",
    "            joint.set_default_angle(q0[index])\n",
    "            index += 1\n",
    "        \n",
    "    return iiwa\n",
    "\n",
    "def AddFloatingBase(plant, iiwa, mass=BASE_MASS):\n",
    "    base = AddShape(plant, pydrake.geometry.Box(0.2,0.2,0.2), \"mobile_base\", \n",
    "                    mass=mass, mu=1, color=[.5, .5, .9, 1.0])\n",
    "    plant.WeldFrames(plant.GetFrameByName(\"mobile_base\"), \n",
    "                     plant.GetFrameByName(\"iiwa_link_0\"),\n",
    "                     RigidTransform(RollPitchYaw(0, 0, 0), [0, 0, 0.1]))\n",
    "    return base"
   ]
  },
  {
   "cell_type": "code",
   "execution_count": 10,
   "id": "4e93709e-75fe-4970-9098-8a2f8e1f7edf",
   "metadata": {},
   "outputs": [],
   "source": [
    "def AddMeshcatSphere(meshcat,\n",
    "                     path,\n",
    "                     radius=0.01,\n",
    "                     opacity=1.,\n",
    "                     p_WP=np.array([0,0,0])):\n",
    "    \n",
    "    X_WP = RigidTransform(RotationMatrix(),\n",
    "                          p_WP)\n",
    "    meshcat.SetTransform(path, X_WP)\n",
    "    meshcat.SetObject(path, Sphere(radius),\n",
    "                      Rgba(1, 0, 0, opacity))"
   ]
  },
  {
   "cell_type": "code",
   "execution_count": 185,
   "id": "0d7053ad-0782-4d1c-833e-9f32675d06f7",
   "metadata": {},
   "outputs": [],
   "source": [
    "class PseudoInverseController(LeafSystem):\n",
    "    \"\"\"\n",
    "    Inputs: \n",
    "    + cartesian_position_desired\n",
    "    + cartesian_position_estimated\n",
    "    \n",
    "    Outputs:\n",
    "    + joint_torques\n",
    "    \n",
    "    TODO: \n",
    "    \"\"\"\n",
    "    def __init__(self, plant):\n",
    "        LeafSystem.__init__(self)\n",
    "        self._plant = plant\n",
    "        self._plant_context = plant.CreateDefaultContext()\n",
    "        self._iiwa = plant.GetModelInstanceByName(\"iiwa7\")\n",
    "        self._G = plant.GetBodyByName(\"iiwa_link_7\").body_frame()\n",
    "        self._W = plant.world_frame()\n",
    "\n",
    "        self.p_WG_des_port = self.DeclareVectorInputPort(\"cartesian_position_desired\", BasicVector(3))\n",
    "        # self.p_WG_est_port = self.DeclareVectorInputPort(\"cartesian_position_estimated\", BasicVector(3))\n",
    "        self.q_port = self.DeclareVectorInputPort(\"iiwa_position\", BasicVector(7))\n",
    "        self.q_dot_port = self.DeclareVectorInputPort(\"iiwa_velocity\", BasicVector(7))\n",
    "        self.output_port = self.DeclareVectorOutputPort(\"joint_torques\", BasicVector(7), \n",
    "                                     self.calc_output)\n",
    "        \n",
    "        # TODO(russt): Add missing binding\n",
    "        #joint_indices = plant.GetJointIndices(self._iiwa)\n",
    "        #self.position_start = plant.get_joint(joint_indices[0]).position_start()\n",
    "        #self.position_end = plant.get_joint(joint_indices[-1]).position_start()\n",
    "        # self.iiwa_start = plant.GetJointByName(\"iiwa_joint_1\").velocity_start()\n",
    "        # self.iiwa_end = plant.GetJointByName(\"iiwa_joint_7\").velocity_start()\n",
    "\n",
    "    def get_input_p_WG_des_port(self):\n",
    "        return self.p_WG_des_port\n",
    "        \n",
    "    def get_input_q_port(self):\n",
    "        return self.q_port\n",
    "\n",
    "    def get_input_q_dot_port(self):\n",
    "        return self.q_dot_port\n",
    "    \n",
    "    def get_output_port_control(self):\n",
    "        return self.output_port\n",
    "    \n",
    "    def calc_output(self, context, output):\n",
    "        \"\"\"\n",
    "        Compute iiwa joint torque commands\n",
    "        \n",
    "        Currently only handles position\n",
    "        \"\"\"\n",
    "        \n",
    "        # Read position data\n",
    "        p_WG_des = self.p_WG_des_port.Eval(context)\n",
    "        \n",
    "        # Update controller plant\n",
    "        q = self.q_port.Eval(context)\n",
    "        self._plant.SetPositions(self._plant_context, self._iiwa, q)\n",
    "        \n",
    "        # Compute forward kinematics\n",
    "        gripper = self._plant.GetBodyByName(\"iiwa_link_7\")\n",
    "        X_WG_est = self._plant.EvalBodyPoseInWorld(self._plant_context, gripper)\n",
    "\n",
    "        # Compute distance between points\n",
    "        print(\"HEREEE\")\n",
    "        print(p_WG_des)\n",
    "        print(X_WG_est)\n",
    "        # print\n",
    "        # V_G = np.hstack([w_G, v_G])\n",
    "        \n",
    "        \n",
    "        # w_G = self.w_G_port.Eval(context)\n",
    "        # v_G = self.v_G_port.Eval(context)\n",
    "        # V_G = np.hstack([w_G, v_G])\n",
    "        # q = self.q_port.Eval(context)\n",
    "        # self._plant.SetPositions(self._plant_context, self._iiwa, q)\n",
    "        # J_G = self._plant.CalcJacobianSpatialVelocity(\n",
    "        #     self._plant_context, JacobianWrtVariable.kV, \n",
    "        #     self._G, [0,0,0], self._W, self._W)\n",
    "        # J_G = J_G[:,self.iiwa_start:self.iiwa_end+1] # Only iiwa terms.\n",
    "        # v = np.linalg.pinv(J_G).dot(V_G)\n",
    "        # output.SetFromVector(v)\n",
    "\n",
    "                # Desired force in end effector frame\n",
    "        # f_G \n",
    "        \n",
    "#         J_G = self._plant.CalcJacobianSpatialVelocity(\n",
    "#             self._plant_context, JacobianWrtVariable.kV, \n",
    "#             self._G, [0,0,0], self._W, self._W)\n",
    "#         J_G = J_G[:,self.iiwa_start:self.iiwa_end+1] # Only iiwa terms.\n",
    "               \n",
    "#         p_WG_est = np.linalg.pinv(J_G).dot(q)\n",
    "#         print(p_WG_est)\n",
    "        # tau = np.linalg.pinv(J_G).dot(f_G)\n",
    "        \n",
    "        tau = np.ones(7)*-1\n",
    "        output.SetFromVector(tau)        \n",
    "        "
   ]
  },
  {
   "cell_type": "code",
   "execution_count": 193,
   "id": "1d907ce4-9941-42ee-bb31-39c58443a3eb",
   "metadata": {},
   "outputs": [],
   "source": [
    "class IIWA_Climber():\n",
    "    def __init__(self, traj=None):\n",
    "        builder = DiagramBuilder()\n",
    "        \n",
    "        self.plant, scene_graph = AddMultibodyPlantSceneGraph(builder, time_step=0.001)\n",
    "\n",
    "        self.iiwa = AddFloatingIiwa(self.plant)\n",
    "        base = AddFloatingBase(self.plant, self.iiwa)\n",
    "        parser = Parser(self.plant)\n",
    "\n",
    "        # gripper = parser.AddModelFromFile(\"models/gripper.sdf\")\n",
    "        # rock = parser.AddModelFromFile(\"models/rock.sdf\")\n",
    "        # plant.WeldFrames(\n",
    "        #     plant.GetFrameByName(\"iiwa_link_7\"), \n",
    "        #     plant.GetFrameByName(\"base_link\"), \n",
    "        #     RigidTransform(RollPitchYaw(0, -np.pi/2, 0), [0, 0, 0.25]))\n",
    "        \n",
    "        self.plant.gravity_field().set_gravity_vector([0., 0., -0.1])    \n",
    "\n",
    "        self.plant.Finalize()\n",
    "\n",
    "        visualizer = MeshcatVisualizerCpp.AddToBuilder(\n",
    "            builder, \n",
    "            scene_graph, \n",
    "            meshcat,\n",
    "            MeshcatVisualizerParams(delete_prefix_initialization_event=False))\n",
    "        \n",
    "        \n",
    "        # Export the iiwa \"state\" outputs.\n",
    "        num_iiwa_positions = self.plant.num_positions(self.iiwa)\n",
    "        demux = builder.AddSystem(Demultiplexer([num_iiwa_positions, num_iiwa_positions])) # 7 for position, 7 for velocity state (one for each joint)\n",
    "        builder.Connect(self.plant.get_state_output_port(self.iiwa), demux.get_input_port())    \n",
    "        iiwa_position_port = builder.ExportOutput(demux.get_output_port(0), \"iiwa_position_measured\")\n",
    "        iiwa_velocity_port = builder.ExportOutput(demux.get_output_port(1), \"iiwa_velocity_estimated\")\n",
    "        iiwa_state_port = builder.ExportOutput(self.plant.get_state_output_port(self.iiwa), \"iiwa_state_estimated\")\n",
    "        \n",
    "            \n",
    "        # Set up controller ----------------------------------------        \n",
    "\n",
    "        controller_plant = MultibodyPlant(time_step = 1e-2)\n",
    "        controller_iiwa = AddFloatingIiwa(controller_plant)\n",
    "        controller_base = AddFloatingBase(controller_plant, controller_iiwa)\n",
    "        controller_parser = Parser(controller_plant)\n",
    "        controller_plant.Finalize()\n",
    "\n",
    "        self.iiwa_controller = builder.AddSystem(PseudoInverseController(controller_plant))\n",
    "        self.iiwa_controller.set_name(\"iiwa_controller\");\n",
    "        builder.Connect(demux.get_output_port(0),\n",
    "                        self.iiwa_controller.get_input_q_port())\n",
    "        builder.Connect(demux.get_output_port(1),\n",
    "                        self.iiwa_controller.get_input_q_dot_port())\n",
    "        builder.Connect(self.iiwa_controller.get_output_port_control(),\n",
    "                        self.plant.get_actuation_input_port())\n",
    "        \n",
    "        self.traj = traj\n",
    "        if traj:\n",
    "            p_G_source = builder.AddSystem(TrajectorySource(traj[\"traj_p_G\"]))\n",
    "            p_G_source.set_name(\"p_WG\")\n",
    "            builder.Connect(p_G_source.get_output_port(), self.iiwa_controller.GetInputPort(\"cartesian_position_desired\"))\n",
    "#             builder.Connect(w_G_source.get_output_port(), self.iiwa_controller.GetInputPort(\"omega_WG\"))\n",
    "\n",
    "#             integrator = builder.AddSystem(Integrator(7))\n",
    "#             integrator.set_name(\"integrator\")\n",
    "#             builder.Connect(controller.get_output_port(), \n",
    "#                             integrator.get_input_port())\n",
    "#             builder.Connect(integrator.get_output_port(),\n",
    "#                             self.plant.GetInputPort(\"iiwa_position\"))\n",
    "#             builder.Connect(self.plant.GetOutputPort(\"iiwa_position_measured\"),\n",
    "#                             controller.GetInputPort(\"iiwa_position\"))\n",
    "        \n",
    "        \n",
    "        \n",
    "        # Build\n",
    "        self.diagram = builder.Build()\n",
    "        self.gripper_frame = self.plant.GetFrameByName(\"iiwa_link_7\")\n",
    "        self.world_frame = self.plant.world_frame()\n",
    "        \n",
    "        context = self.CreateDefaultContext()\n",
    "        self.diagram.Publish(context)\n",
    "                \n",
    "        \n",
    "    def CreateDefaultContext(self):\n",
    "        context = self.diagram.CreateDefaultContext()\n",
    "        plant_context = self.diagram.GetMutableSubsystemContext(self.plant, context)\n",
    "\n",
    "        # Set initial positions \n",
    "        q0 = np.array([-1.57, 0.1, 0, -1.2, 0, 1.6, 0])\n",
    "        # x0 = np.hstack((q0, 0*q0))\n",
    "        # x0 = np.array([1,2,3])\n",
    "\n",
    "        plant_context = self.plant.GetMyMutableContextFromRoot(context)\n",
    "\n",
    "        self.plant.SetPositions(plant_context, self.iiwa, q0)\n",
    "        \n",
    "        # NOTE: THIS LINE OF CODE IS USEFUL FOR SETTING FIXED ROTATION VALUES\n",
    "        # self.plant.get_actuation_input_port().FixValue(plant_context, np.ones(7)*0.1)\n",
    "        # TODO: UNCOMMENT THIS:\n",
    "        \n",
    "        # Set torques to 0 if no trajectory input\n",
    "        if not self.traj:\n",
    "             # self.iiwa_controller.GetInputPort('cartesian_position_desired').FixValue(self.iiwa_controller.GetMyMutableContextFromRoot(context), x0)\n",
    "\n",
    "        \n",
    "        \n",
    "        \n",
    "        \n",
    "#         # provide initial states\n",
    "#         q0 = np.array([ 1.40666193e-05,  1.56461165e-01, -3.82761069e-05, \n",
    "#                        -1.32296976e+00, -6.29097287e-06,  1.61181157e+00, -2.66900985e-05])\n",
    "#         # set the joint positions of the kuka arm\n",
    "#         self.station.SetIiwaPosition(station_context, q0)\n",
    "#         self.station.SetIiwaVelocity(station_context, np.zeros(7))\n",
    "#         self.station.SetWsgPosition(station_context, 0.1)\n",
    "#         self.station.SetWsgVelocity(station_context, 0)\n",
    "\n",
    "#         if hasattr(self, 'integrator'):\n",
    "#             self.integrator.set_integral_value(\n",
    "#                 self.integrator.GetMyMutableContextFromRoot(context), \n",
    "#                 self.station.GetIiwaPosition(station_context))\n",
    "\n",
    "        return context\n",
    "    \n",
    "    \n",
    "    def visualize_frame(self, name, X_WF, length=0.15, radius=0.006):\n",
    "        \"\"\"\n",
    "        visualize imaginary frame that are not attached to existing bodies\n",
    "        \n",
    "        Input: \n",
    "            name: the name of the frame (str)\n",
    "            X_WF: a RigidTransform to from frame F to world.\n",
    "        \n",
    "        Frames whose names already exist will be overwritten by the new frame\n",
    "        \"\"\"\n",
    "        AddMeshcatTriad(meshcat, \"climber/\" + name,\n",
    "                        length=length, radius=radius, X_PT=X_WF)\n",
    "        \n",
    "    def visualize_com(self, name, p_WP, radius=0.06):\n",
    "        \"\"\"\n",
    "        visualize center of mass\n",
    "        \n",
    "        Input: \n",
    "            name: the name of the frame (str)\n",
    "            p_WP: a position from a point P to world.\n",
    "        \n",
    "        Frames whose names already exist will be overwritten by the new frame\n",
    "        \"\"\"\n",
    "        AddMeshcatSphere(meshcat, \"climber/\" + name,\n",
    "                         radius=radius, p_WP=p_WP)\n",
    "        \n",
    "        \n",
    "    def get_X_WG(self, context=None):\n",
    "        if not context:\n",
    "            context = self.CreateDefaultContext()\n",
    "        plant_context = self.plant.GetMyMutableContextFromRoot(context)\n",
    "        X_WG = self.plant.CalcRelativeTransform(\n",
    "                    plant_context,\n",
    "                    frame_A=self.world_frame,\n",
    "                    frame_B=self.gripper_frame)\n",
    "        return X_WG\n",
    "    \n",
    "    def run(self):\n",
    "        context = self.CreateDefaultContext()\n",
    "        simulator = Simulator(self.diagram, context)\n",
    "        simulator.set_target_realtime_rate(0.25)\n",
    "        simulator.AdvanceTo(2.0)"
   ]
  },
  {
   "cell_type": "code",
   "execution_count": 194,
   "id": "3dd87c58-1c26-404a-98c4-76d7e4364f59",
   "metadata": {},
   "outputs": [],
   "source": [
    "def make_gripper_frames(X_G, X_O):\n",
    "    \"\"\"\n",
    "    Takes a partial specification with X_G[\"initial\"] and X_O[\"initial\"] and X_0[\"goal\"], and \n",
    "    returns a X_G and times with all of the pick and place frames populated.\n",
    "    \"\"\"\n",
    "    # Define (again) the gripper pose relative to the object when in grasp.\n",
    "    p_GgraspO = [0, 0.12, 0]\n",
    "    R_GgraspO = RotationMatrix.MakeXRotation(np.pi/2.0).multiply(\n",
    "      RotationMatrix.MakeZRotation(np.pi/2.0))\n",
    "    X_GgraspO = RigidTransform(R_GgraspO, p_GgraspO)\n",
    "    X_OGgrasp = X_GgraspO.inverse()\n",
    "    # pregrasp is negative y in the gripper frame (see the figure!).\n",
    "    X_GgraspGpregrasp = RigidTransform([0, -0.08, 0])\n",
    "\n",
    "    X_G[\"pick\"] = X_O[\"initial\"].multiply(X_OGgrasp)\n",
    "    X_G[\"prepick\"] = X_G[\"pick\"].multiply(X_GgraspGpregrasp)\n",
    "    # X_G[\"place\"] = X_O[\"goal\"].multiply(X_OGgrasp)\n",
    "    # X_G[\"preplace\"] = X_G[\"place\"].multiply(X_GgraspGpregrasp)\n",
    "\n",
    "    # # I'll interpolate a ahlfway orientation by converting to axis angle and halving the angle.\n",
    "    # X_GprepickGpreplace = X_G[\"prepick\"].inverse().multiply(X_G[\"preplace\"])\n",
    "    # angle_axis = X_GprepickGpreplace.rotation().ToAngleAxis()\n",
    "    # X_GprepickGclearance = RigidTransform(AngleAxis(angle=angle_axis.angle()/2.0, axis=angle_axis.axis()), \n",
    "    #                                     X_GprepickGpreplace.translation()/2.0 + np.array([0, -0.3, 0]))\n",
    "    # X_G[\"clearance\"] = X_G[\"prepick\"].multiply(X_GprepickGclearance)\n",
    "\n",
    "    # Now let's set the timing\n",
    "    times = {\"initial\": 0}\n",
    "    X_GinitialGprepick = X_G[\"initial\"].inverse().multiply(X_G[\"prepick\"])\n",
    "    times[\"prepick\"] = times[\"initial\"] + 10.0*np.linalg.norm(X_GinitialGprepick.translation())\n",
    "    # # Allow some time for the gripper to close.\n",
    "    # times[\"pick_start\"] = times[\"prepick\"] + 2.0\n",
    "    # times[\"pick_end\"] = times[\"pick_start\"] + 2.0\n",
    "    # times[\"postpick\"] = times[\"pick_end\"] + 2.0\n",
    "    # time_to_from_clearance = 10.0*np.linalg.norm(X_GprepickGclearance.translation())\n",
    "    # times[\"clearance\"] = times[\"postpick\"] + time_to_from_clearance\n",
    "    # times[\"preplace\"] = times[\"clearance\"] + time_to_from_clearance\n",
    "    # times[\"place_start\"] = times[\"preplace\"] + 2.0\n",
    "    # times[\"place_end\"] = times[\"place_start\"] + 2.0\n",
    "    # times[\"postplace\"] = times[\"place_end\"] + 2.0\n",
    "    \n",
    "\n",
    "    return X_G, times\n",
    "\n",
    "def make_gripper_position_trajectory(X_G, times):\n",
    "    \"\"\"\n",
    "    Constructs a gripper position trajectory from the plan \"sketch\".\n",
    "    \"\"\"\n",
    "    # The syntax here is a little ugly; we need to pass in a matrix with the samples in the columns.\n",
    "    # TODO(russt): Add python bindings for the std::vector constructor.\n",
    "    traj = PiecewisePolynomial.FirstOrderHold(\n",
    "        [times[\"initial\"], times[\"prepick\"]], np.vstack([X_G[\"initial\"].translation(), X_G[\"prepick\"].translation()]).T)\n",
    "\n",
    "    # # TODO(russt): I could make this less brittle if I was more careful on the names above, and just look up the pose for every time (in order)\n",
    "    # traj.AppendFirstOrderSegment(times[\"pick_start\"], X_G[\"pick\"].translation())\n",
    "    # traj.AppendFirstOrderSegment(times[\"pick_end\"], X_G[\"pick\"].translation())\n",
    "    # traj.AppendFirstOrderSegment(times[\"postpick\"], X_G[\"prepick\"].translation())\n",
    "    # traj.AppendFirstOrderSegment(times[\"clearance\"], X_G[\"clearance\"].translation())\n",
    "    # traj.AppendFirstOrderSegment(times[\"preplace\"], X_G[\"preplace\"].translation())\n",
    "    # traj.AppendFirstOrderSegment(times[\"place_start\"], X_G[\"place\"].translation())\n",
    "    # traj.AppendFirstOrderSegment(times[\"place_end\"], X_G[\"place\"].translation())\n",
    "    # traj.AppendFirstOrderSegment(times[\"postplace\"], X_G[\"preplace\"].translation())\n",
    "\n",
    "    return traj\n",
    "\n",
    "def make_gripper_orientation_trajectory(X_G, times):\n",
    "    \"\"\"\n",
    "    Constructs a gripper position trajectory from the plan \"sketch\".\n",
    "    \"\"\"\n",
    "    traj = PiecewiseQuaternionSlerp();\n",
    "    traj.Append(times[\"initial\"], X_G[\"initial\"].rotation())\n",
    "    traj.Append(times[\"prepick\"], X_G[\"prepick\"].rotation())\n",
    "    # traj.Append(times[\"pick_start\"], X_G[\"pick\"].rotation())\n",
    "    # traj.Append(times[\"pick_end\"], X_G[\"pick\"].rotation())\n",
    "    # traj.Append(times[\"postpick\"], X_G[\"prepick\"].rotation())\n",
    "    # traj.Append(times[\"clearance\"], X_G[\"clearance\"].rotation())\n",
    "    # traj.Append(times[\"preplace\"], X_G[\"preplace\"].rotation())\n",
    "    # traj.Append(times[\"place_start\"], X_G[\"place\"].rotation())\n",
    "    # traj.Append(times[\"place_end\"], X_G[\"place\"].rotation())\n",
    "    # traj.Append(times[\"postplace\"], X_G[\"preplace\"].rotation())\n",
    "\n",
    "    return traj\n"
   ]
  },
  {
   "cell_type": "code",
   "execution_count": 195,
   "id": "333a53cc-c218-4d01-a3cc-971770a53f38",
   "metadata": {},
   "outputs": [],
   "source": [
    "# X_G = {\"initial\": RigidTransform(RotationMatrix.MakeXRotation(-np.pi/2.0), [0, -0.25, 0.25])}\n",
    "# X_O = {\"initial\": RigidTransform(RotationMatrix.MakeZRotation(np.pi/2.0), [-.2, -.75, 0.025]),\n",
    "#        \"goal\": RigidTransform(RotationMatrix.MakeZRotation(np.pi),[.75, 0, 0.025])}\n",
    "\n",
    "GOAL_POSE = RigidTransform(RotationMatrix(RollPitchYaw([-np.pi,0,np.pi/2.0])),[.05, -0.70, 0.55])\n",
    "\n",
    "X_G = {\"initial\": climber.get_X_WG()}\n",
    "X_O = {\"initial\": climber.get_X_WG(),\n",
    "       \"goal\": GOAL_POSE}\n",
    "X_G, times = make_gripper_frames(X_G, X_O)\n",
    "# X_G\n",
    "# times"
   ]
  },
  {
   "cell_type": "code",
   "execution_count": 196,
   "id": "17ce1f5a-3f41-4a6e-8e6d-1af9475d7104",
   "metadata": {},
   "outputs": [
    {
     "data": {
      "text/html": [
       "<div>\n",
       "<style scoped>\n",
       "    .dataframe tbody tr th:only-of-type {\n",
       "        vertical-align: middle;\n",
       "    }\n",
       "\n",
       "    .dataframe tbody tr th {\n",
       "        vertical-align: top;\n",
       "    }\n",
       "\n",
       "    .dataframe thead th {\n",
       "        text-align: right;\n",
       "    }\n",
       "</style>\n",
       "<table border=\"1\" class=\"dataframe\">\n",
       "  <thead>\n",
       "    <tr style=\"text-align: right;\">\n",
       "      <th></th>\n",
       "      <th>t</th>\n",
       "      <th>x</th>\n",
       "      <th>y</th>\n",
       "      <th>z</th>\n",
       "    </tr>\n",
       "  </thead>\n",
       "  <tbody>\n",
       "    <tr>\n",
       "      <th>0</th>\n",
       "      <td>0.0</td>\n",
       "      <td>0.000354</td>\n",
       "      <td>-0.444084</td>\n",
       "      <td>0.866708</td>\n",
       "    </tr>\n",
       "    <tr>\n",
       "      <th>1</th>\n",
       "      <td>2.0</td>\n",
       "      <td>0.000392</td>\n",
       "      <td>-0.491934</td>\n",
       "      <td>0.672516</td>\n",
       "    </tr>\n",
       "  </tbody>\n",
       "</table>\n",
       "</div>"
      ],
      "text/plain": [
       "     t         x         y         z\n",
       "0  0.0  0.000354 -0.444084  0.866708\n",
       "1  2.0  0.000392 -0.491934  0.672516"
      ]
     },
     "execution_count": 196,
     "metadata": {},
     "output_type": "execute_result"
    }
   ],
   "source": [
    "traj_p_G = make_gripper_position_trajectory(X_G, times)\n",
    "# traj_v_G = traj_p_G.MakeDerivative()\n",
    "# traj_R_G = make_gripper_orientation_trajectory(X_G, times)\n",
    "# traj_w_G = traj_R_G.MakeDerivative()\n",
    "\n",
    "data = dataframe(traj_p_G, traj_p_G.get_segment_times(), ['x','y','z'])\n",
    "data"
   ]
  },
  {
   "cell_type": "code",
   "execution_count": 197,
   "id": "80ef975a-5c29-419f-a851-614948ff13b0",
   "metadata": {},
   "outputs": [],
   "source": [
    "p0 = [0, 0, 0]\n",
    "R0 = RotationMatrix(np.array([[1, 0, 0], [0, 1, 0], [0, 0, 1]], dtype=float).T)\n",
    "X_WorldCenter = RigidTransform(R0, p0)\n",
    "\n",
    "traj = {\"traj_p_G\": traj_p_G}\n",
    "climber = IIWA_Climber(traj)\n",
    "\n",
    "# climber = IIWA_Climber()"
   ]
  },
  {
   "cell_type": "code",
   "execution_count": 198,
   "id": "5a8948e6-c125-4716-8992-4cbe020b819d",
   "metadata": {},
   "outputs": [],
   "source": [
    "X_WG = climber.get_X_WG()\n",
    "climber.visualize_frame('gripper_current', X_WG)\n",
    "climber.visualize_frame('gripper_goal', X_O[\"goal\"])\n",
    "climber.visualize_frame('world_center', X_WorldCenter)\n",
    "climber.visualize_com('com_test', np.array([0.5,0.5,0.5]))"
   ]
  },
  {
   "cell_type": "code",
   "execution_count": 199,
   "id": "c89bb3e2-d4c7-4e56-862b-0bcb3547dff6",
   "metadata": {},
   "outputs": [
    {
     "name": "stdout",
     "output_type": "stream",
     "text": [
      "HEREEE\n",
      "[ 3.53636362e-04 -4.44084375e-01  8.66707814e-01]\n",
      "RigidTransform(\n",
      "  R=RotationMatrix([\n",
      "    [-0.000773199921913291, 0.9999996829318348, 0.0001905206313784219],\n",
      "    [0.9709578572896668, 0.0007963267107333861, -0.23924925335563638],\n",
      "    [-0.23924932921398243, 2.0150049340510336e-16, -0.9709581651495911],\n",
      "  ]),\n",
      "  p=[0.0003536363619349403, -0.4440843752212391, 0.8667078137695522],\n",
      ")\n",
      "HEREEE\n",
      "[ 3.53655414e-04 -4.44108300e-01  8.66610718e-01]\n",
      "RigidTransform(\n",
      "  R=RotationMatrix([\n",
      "    [-0.002772983564656841, 0.9999961477179086, 0.0001229288135952892],\n",
      "    [0.9709250432595125, 0.0027217949258061935, -0.23936823557835876],\n",
      "    [-0.23936764805141283, -0.0005444095195019236, -0.9709288504749514],\n",
      "  ]),\n",
      "  p=[0.0003476561391162713, -0.44409267026411436, 0.8667078962766988],\n",
      ")\n",
      "HEREEE\n",
      "[ 3.53674466e-04 -4.44132225e-01  8.66513622e-01]\n",
      "RigidTransform(\n",
      "  R=RotationMatrix([\n",
      "    [-0.006772543490200995, 0.9999770659894347, -1.2240762248849897e-05],\n",
      "    [0.970847915976196, 0.00657232750068495, -0.2396061947360754],\n",
      "    [-0.23960061915477524, -0.001634627292890968, -0.970870161913663],\n",
      "  ]),\n",
      "  p=[0.0003356964660371237, -0.44410925993643696, 0.8667080655914257],\n",
      ")\n",
      "HEREEE\n",
      "[ 3.53693518e-04 -4.44156150e-01  8.66416526e-01]\n",
      "RigidTransform(\n",
      "  R=RotationMatrix([\n",
      "    [-0.01277173538777234, 0.9999184149574363, -0.0002149516072207217],\n",
      "    [0.9707034813852049, 0.012346994874241408, -0.23996312830145325],\n",
      "    [-0.23994089689302442, -0.0032733998509467976, -0.9707819790517268],\n",
      "  ]),\n",
      "  p=[0.0003177593947103439, -0.4441341440756371, 0.8667083302325549],\n",
      ")\n",
      "HEREEE\n",
      "[ 3.53712570e-04 -4.44180075e-01  8.66319431e-01]\n",
      "RigidTransform(\n",
      "  R=RotationMatrix([\n",
      "    [-0.020770037221994803, 0.99978416180114, -0.00048514471000668383],\n",
      "    [0.9704572650709009, 0.02004411207632019, -0.24043903643580924],\n",
      "    [-0.24037741621230857, -0.005464739944829096, -0.9706641202766437],\n",
      "  ]),\n",
      "  p=[0.0002938482634069753, -0.44416732276454607, 0.866708702936853],\n",
      ")\n",
      "HEREEE\n",
      "[ 3.53731622e-04 -4.44204000e-01  8.66222335e-01]\n",
      "RigidTransform(\n",
      "  R=RotationMatrix([\n",
      "    [-0.030766188086980804, 0.9995262701760916, -0.0008227383964607087],\n",
      "    [0.97006333805696, 0.029660894502897484, -0.2410339218763128],\n",
      "    [-0.2408953337621653, -0.00821380333100765, -0.970516342781746],\n",
      "  ]),\n",
      "  p=[0.00026396770689799824, -0.4442087963228358, 0.8667092006584067],\n",
      ")\n",
      "HEREEE\n",
      "[ 3.53750674e-04 -4.44227925e-01  8.66125239e-01]\n",
      "RigidTransform(\n",
      "  R=RotationMatrix([\n",
      "    [-0.04275770679261159, 0.9990847168478675, -0.0012276281419894678],\n",
      "    [0.9694643587641405, 0.0411929996665046, -0.24174778978205785],\n",
      "    [-0.24147595241736136, -0.011526722842737832, -0.9703383425716186],\n",
      "  ]),\n",
      "  p=[0.00022812367012377746, -0.4442585652953556, 0.8667098445678028],\n",
      ")\n",
      "HEREEE\n",
      "[ 3.53769726e-04 -4.44251850e-01  8.66028143e-01]\n",
      "RigidTransform(\n",
      "  R=RotationMatrix([\n",
      "    [-0.05674029046625468, 0.9983875252146139, -0.0016996863369352327],\n",
      "    [0.9685916375448749, 0.05463395572128114, -0.24258064753888306],\n",
      "    [-0.24209663177323193, -0.0154103983752532, -0.9701297544689438],\n",
      "  ]),\n",
      "  p=[0.00018632342528154735, -0.4443166304373512, 0.8667106600510817],\n",
      ")\n",
      "HEREEE\n",
      "[ 3.53788778e-04 -4.44275775e-01  8.65931047e-01]\n",
      "RigidTransform(\n",
      "  R=RotationMatrix([\n",
      "    [-0.07270709375440365, 0.9973508241649341, -0.0022387620051626655],\n",
      "    [0.9673652317879892, 0.06997447798034882, -0.24353250452280234],\n",
      "    [-0.24273068789413382, -0.01987224116462651, -0.9698901521231857],\n",
      "  ]),\n",
      "  p=[0.00013857559231513793, -0.444382992696558, 0.866711676708445],\n",
      ")\n",
      "HEREEE\n",
      "[ 3.53807831e-04 -4.44299700e-01  8.65833951e-01]\n",
      "RigidTransform(\n",
      "  R=RotationMatrix([\n",
      "    [-0.09064788966270323, 0.9958789423884252, -0.0028446804760995197],\n",
      "    [0.9656940811326904, 0.08720167520557986, -0.24460337182187472],\n",
      "    [-0.2433472863316707, -0.024919870558517562, -0.9696190480216234],\n",
      "  ]),\n",
      "  p=[8.489016278966808e-05, -0.4444576531921529, 0.866712928352673],\n",
      ")\n",
      "HEREEE\n",
      "[ 3.53826883e-04 -4.44323624e-01  8.65736856e-01]\n",
      "RigidTransform(\n",
      "  R=RotationMatrix([\n",
      "    [-0.11054811370960944, 0.9938645499044891, -0.0035172430105279364],\n",
      "    [0.9634761938362923, 0.10629814818363197, -0.2457932619163163],\n",
      "    [-0.24391133320528494, -0.03056076137596158, -0.9693158935033216],\n",
      "  ]),\n",
      "  p=[2.5278527129726185e-05, -0.4445406131905503, 0.866714453007217],\n",
      ")\n",
      "HEREEE\n",
      "[ 3.53845935e-04 -4.44347549e-01  8.65639760e-01]\n",
      "RigidTransform(\n",
      "  R=RotationMatrix([\n",
      "    [-0.13238779391804206, 0.9911888601868528, -0.004256226380470133],\n",
      "    [0.9605988967885026, 0.12724098403363243, -0.24710218831662698],\n",
      "    [-0.2443833699543137, -0.036801839949120646, -0.9689800787767174],\n",
      "  ]),\n",
      "  p=[-4.024649480279416e-05, -0.44463187407802285, 0.8667162929039124],\n",
      ")\n",
      "HEREEE\n",
      "[ 3.53864987e-04 -4.44371474e-01  8.65542664e-01]\n",
      "RigidTransform(\n",
      "  R=RotationMatrix([\n",
      "    [-0.1561403702593771, 0.9877219078178994, -0.0050613824035622085],\n",
      "    [0.9569391630357779, 0.15000065084587283, -0.248530165159484],\n",
      "    [-0.24471947822690887, -0.04364902704969486, -0.9686109329415838],\n",
      "  ]),\n",
      "  p=[-0.00011167061981935913, -0.4447314373301282, 0.8667184944802675],\n",
      ")\n",
      "HEREEE\n",
      "[ 3.53884039e-04 -4.44395399e-01  8.65445568e-01]\n",
      "RigidTransform(\n",
      "  R=RotationMatrix([\n",
      "    [-0.18177140852213544, 0.9833229180843855, -0.005932437432360906],\n",
      "    [0.9523640319466945, 0.17453979865002192, -0.2500772067611242],\n",
      "    [-0.2448712022637926, -0.05110672614460562, -0.9682077240162186],\n",
      "  ]),\n",
      "  p=[-0.00018897806423519124, -0.44483930447791786, 0.8667211083762617],\n",
      ")\n",
      "HEREEE\n",
      "[ 3.53903091e-04 -4.44419324e-01  8.65348472e-01]\n",
      "RigidTransform(\n",
      "  R=RotationMatrix([\n",
      "    [-0.20923721522883432, 0.9778407862945477, -0.006869091799081793],\n",
      "    [0.9467311382826317, 0.20081197437563786, -0.2517433271279139],\n",
      "    [-0.24478549705682354, -0.05917725581859879, -0.9677696589707825],\n",
      "  ]),\n",
      "  p=[-0.00027215150345453397, -0.44495547707090527, 0.8667241894305903],\n",
      ")\n",
      "HEREEE\n",
      "[ 3.53922143e-04 -4.44443249e-01  8.65251377e-01]\n",
      "RigidTransform(\n",
      "  R=RotationMatrix([\n",
      "    [-0.23848336219091737, 0.9711146858196579, -0.007871019216323334],\n",
      "    [0.9398893674008433, 0.22876026041357958, -0.2535285394237798],\n",
      "    [-0.24440471150319398, -0.06786022576516557, -0.9672958837678066],\n",
      "  ]),\n",
      "  p=[-0.00036117202834987344, -0.4450799566367668, 0.8667277966762866],\n",
      ")\n",
      "HEREEE\n",
      "[ 3.53941195e-04 -4.44467174e-01  8.65154281e-01]\n",
      "RigidTransform(\n",
      "  R=RotationMatrix([\n",
      "    [-0.26944313159195415, 0.9629748248977673, -0.008937866134389735],\n",
      "    [0.931679654566797, 0.2583158486262175, -0.2554328553941565],\n",
      "    [-0.24366661672091183, -0.07715185650152877, -0.966785483410954],\n",
      "  ]),\n",
      "  p=[-0.0004560190984780353, -0.44521274463774596, 0.8667319933356452],\n",
      ")\n",
      "HEREEE\n",
      "[ 3.53960247e-04 -4.44491099e-01  8.65057185e-01]\n",
      "RigidTransform(\n",
      "  R=RotationMatrix([\n",
      "    [-0.3020358951369616, 0.9532433730333446, -0.010069251055886652],\n",
      "    [0.9219359468410767, 0.2893965641934894, -0.2574562847460756],\n",
      "    [-0.24250449062040702, -0.08704424392810685, -0.9662374820032197],\n",
      "  ]),\n",
      "  p=[-0.0005566704921803599, -0.445353842423733, 0.8667368468143606],\n",
      ")\n",
      "HEREEE\n",
      "[ 3.53979299e-04 -4.44515024e-01  8.64960089e-01]\n",
      "RigidTransform(\n",
      "  R=RotationMatrix([\n",
      "    [-0.33616544380815133, 0.9417355783263224, -0.01126476380832805],\n",
      "    [0.9104863461787985, 0.3219053565203982, -0.2595988344840121],\n",
      "    [-0.24084727071580225, -0.09752457104680852, -0.9656508428158108],\n",
      "  ]),\n",
      "  p=[-0.0006631022536183542, -0.4455032511819877, 0.866742428694797],\n",
      ")\n",
      "HEREEE\n",
      "[ 3.53998351e-04 -4.44538949e-01  8.64862993e-01]\n",
      "RigidTransform(\n",
      "  R=RotationMatrix([\n",
      "    [-0.3717182881243567, 0.9282610972028287, -0.012523964775560415],\n",
      "    [0.8971544521762758, 0.3557287775608866, -0.2618605082010741],\n",
      "    [-0.23861978797699354, -0.10857427059317025, -0.9650244683690548],\n",
      "  ]),\n",
      "  p=[-0.0007752886368021647, -0.44566097188347137, 0.8667488147283016],\n",
      ")\n",
      "HEREEE\n",
      "[ 3.54017403e-04 -4.44562874e-01  8.64765897e-01]\n",
      "RigidTransform(\n",
      "  R=RotationMatrix([\n",
      "    [-0.40856195250328164, 0.9126255577258232, -0.013846384088879908],\n",
      "    [0.8817609222552404, 0.3907354713148932, -0.26424130532510953],\n",
      "    [-0.23574309523355189, -0.12016814403975357, -0.9643572005267271],\n",
      "  ]),\n",
      "  p=[-0.0008932020466715381, -0.4458270052257546, 0.8667560848264476],\n",
      ")\n",
      "HEREEE\n",
      "[ 3.54036455e-04 -4.44586799e-01  8.64668802e-01]\n",
      "RigidTransform(\n",
      "  R=RotationMatrix([\n",
      "    [-0.4465432913517749, 0.8946323768585002, -0.015231520778793155],\n",
      "    [0.8641252659195527, 0.4267747019002414, -0.2667412203192884],\n",
      "    [-0.232134904200525, -0.13227344440389785, -0.9636478206052991],\n",
      "  ]),\n",
      "  p=[-0.0010168129772963953, -0.44600135157246307, 0.8667643230511254],\n",
      ")\n",
      "HEREEE\n",
      "[ 3.54055507e-04 -4.44610724e-01  8.64571706e-01]\n",
      "RigidTransform(\n",
      "  R=RotationMatrix([\n",
      "    [-0.48548685882584286, 0.8740848506527714, -0.01667884188844957],\n",
      "    [0.8440678879798832, 0.4636749514464348, -0.26936024183670165],\n",
      "    [-0.2277101455548179, -0.14484893254860368, -0.9628950494996507],\n",
      "  ]),\n",
      "  p=[-0.0011460899472681796, -0.44618401088922804, 0.8667736176033551],\n",
      ")\n",
      "HEREEE\n",
      "[ 3.54074559e-04 -4.44634649e-01  8.64474610e-01]\n",
      "RigidTransform(\n",
      "  R=RotationMatrix([\n",
      "    [-0.5251933687601177, 0.8507885342508411, -0.018187781549854055],\n",
      "    [0.8214123932433758, 0.5012426230463688, -0.27209835182850095],\n",
      "    [-0.22238166659279665, -0.1578439192015395, -0.9620975478268867],\n",
      "  ]),\n",
      "  p=[-0.0012809994323585722, -0.4463749826760967, 0.8667840608107198],\n",
      ")\n",
      "HEREEE\n",
      "[ 3.54093611e-04 -4.44658573e-01  8.64377514e-01]\n",
      "RigidTransform(\n",
      "  R=RotationMatrix([\n",
      "    [-0.5654382859998893, 0.824553925728724, -0.019757740024055174],\n",
      "    [0.7959881620329615, 0.5392608880611686, -0.2749555246051055],\n",
      "    [-0.21606108078248662, -0.17119730772658392, -0.9612539160899547],\n",
      "  ]),\n",
      "  p=[-0.0014215057955292577, -0.4465742658963689, 0.8667957491132964],\n",
      ")\n",
      "HEREEE\n",
      "[ 3.54112664e-04 -4.44682498e-01  8.64280418e-01]\n",
      "RigidTransform(\n",
      "  R=RotationMatrix([\n",
      "    [-0.6059705951921163, 0.7951994640847346, -0.021388082706591517],\n",
      "    [0.7676332019622388, 0.5774887211117254, -0.277931725849974],\n",
      "    [-0.20865978291878332, -0.1848366557479749, -0.9603626948628273],\n",
      "  ]),\n",
      "  p=[-0.0015675712143804362, -0.4467818589018169, 0.8668087830479617],\n",
      ")\n",
      "HEREEE\n",
      "[ 3.54131716e-04 -4.44706423e-01  8.64183323e-01]\n",
